5
5
13101
10101
10101
10101
10021
5
10031
10111
10101
10101
12001
5
00000
01110
01310
01111
00002
50
00000000000000000000000000000000000000000000000000
01111111111111111111111111111111111111111111111110
01111111111111111111111111111111111111111111111110
00000000000000000000000000000000000031111111111110
01111111111111111111111111111111111111111111111110
01111111111111111111111111111111111111111111111110
00000000000000000000000000000000000001111111111110
01111111111111111111111111111111111111111111111110
01111111111111111111111111111111111111111111111110
00000000000000000000000000000000000011111111111110
01111111111111111111111111111111111111111111111110
01111111111111111111111111111111111111111111111110
01111111111111111111111111111111111111111111111110
01111111111111111111111111111111111111111111111110
00000000000000000000000000000000000001111111111110
01111111111111111111111111111111111111111111111110
01111111111111111111111111111111111111111111111110
01111111111111111111111111111111111111111111111110
01111111111111111111111111111111111111111111111110
01111111111111111111111111111111111111111111111110
00000000000000000000000000000000000001111111111110
01111111111111111111111111111111111111111111111110
01111111111111111111111111111111111111111111111110
01111111111111111111111111111111111111111111111110
00000000000000000000000000000000000001111111111110
01111111111111111111111111111111111111111111111110
01111111111111111111111111111111111111111111111110
01111111111111111111111111111111111111111111111110
00000000000000000000000000000000000001111111111110
01111111111111111111111111111111111111111111111110
01111111111111111111111111111111111111111111111110
01111111111111111111111111111111111111111111111110
01111111111111111111111111111111111111111111111110
01111111111111111111111111111111111111111111111110
01111111111111111111111111111111111111111111111110
01111111111111111111111111111111111111111111111110
01111111111111111111111111111111111111111111111110
01111111111111111111111111111111111111111111111110
01111111111111111111111111111111111111111111111110
01111111111111111111111111111111111111111111111110
01111111111111111111111111111111111111111111111110
01111111111111111111111111111111111111111111111110
01111111111111111111111111111111111111111111111110
01111111111111111111111111111111111111111111111110
01111111111111111111111111111111111111111111111110
01111111111111111111111111111111111111111111111110
01111111111111111111111111111111111111111111111110
01111111111111111111111111111111111111111111111110
00010111111111111111111111111111111111111111111110
00011111111111111111111111111111111111111111110002
50
00000000000000000000000000000000000000000000000000
01111111111111111111111111111111111111111111111110
01111111111111111111111111111111111111111111111110
00000000000000000000000000000000000131111111111110
01111111111111111111111111111111111111111111111110
01111111111111111111111111111111111111111111111110
00000000000000000000000000000000000001111111111110
01111111111111111111111111111111111111111111111110
01111111111111111111111111111111111111111111111110
00000000000000000000000000000000000011111111111110
01111111111111111111111111111111111111111111111110
01111111111111111111111111111111111111111111111110
01111111111111111111111111111111111111111111111110
01111111111111111111111111111111111111111111111110
00000000000000000000000000000000000001111111111110
01111111111111111111111111111111111111111111111110
01111111111111111111111111111111111111111111111110
01111111111111111111111111111111111111111111111110
01111111111111111111111111111111111111111111111110
01111111111111111111111111111111111111111111111110
00000000000000000000000000000000000001111111111110
01111111111111111111111111111111111111111111111110
01111111111111111111111111111111111111111111111110
01111111111111111111111111111111111111111111111110
00000000000000000000000000000000000001111111111110
01111111111111111111111111111111111111111111111110
01111111111111111111111111111111111111111111111110
01111111111111111111111111111111111111111111111110
00000000000000000000000000000000000001111111111110
01111111111111111111111111111111111111111111111110
01111111111111111111111111111111111111111111111110
01111111111111111111111111111111111111111111111110
01111111111111111111111111111111111111111111111110
01111111111111111111111111111111111111111111111110
01111100000000000000000000000000000000000000001110
01111111111111111111111111111111111111111111101110
01111111111111111111111111111111111111111111101110
01111111111111111111111111111111111111111111101110
01111111111111111111111111111111111111111111101110
01111111111111111111111111111111111111111111101110
01111111111111111111111111111111111111111111101110
01111111111111111111111111111111111111111111101110
01111111111111111111111111111111111111111111101110
01111111111111111111111111111111111111111111101110
01111111111111111111111111111111111111111111101110
01111111111111111111111111111111111111111111101110
01111111111111111111111111111111111111111111101110
01111111111111111111111111111111111111111111101110
00010111111111111111111111111111111111111111101110
00000000000000000000000000000000000000000000000002